0 0.45625 0.3765625 0.1359375 0.0609375
0 0.33359375 0.4234375 0.1015625 0.075
0 0.340625 0.5015625 0.10234375 0.08125
0 0.4578125 0.55625 0.1078125 0.05234375
0 0.62421875 0.38125 0.15390625 0.07109375
0 0.76171875 0.44296875 0.10234375 0.08828125
0 0.75390625 0.51328125 0.11875 0.065625
0 0.653125 0.56171875 0.12265625 0.0609375
0 0.4125 0.4484375 0.0859375 0.04453125
0 0.40625 0.4984375 0.084375 0.05
0 0.653125 0.46640625 0.1140625 0.0359375
0 0.6421875 0.51171875 0.0890625 0.04765625
0 0.56875 0.5359375 0.0578125 0.05625