0 0.25 0.3046875 0.5 0.609375
0 0.73671875 0.39296875 0.1015625 0.4328125
0 0.82734375 0.47265625 0.0765625 0.2734375
0 0.9765625 0.5203125 0.046875 0.178125
0 0.83515625 0.5390625 0.0390625 0.140625
0 0.78671875 0.51328125 0.0453125 0.1921875
0 0.59453125 0.5421875 0.0328125 0.134375
0 0.69765625 0.53203125 0.0390625 0.1546875
0 0.71015625 0.5453125 0.0296875 0.128125
0 0.565625 0.55546875 0.025 0.1078125
0 0.053125 0.7828125 0.0671875 0.321875
0 0.20078125 0.83359375 0.04296875 0.23203125
0 0.5484375 0.94609375 0.096875 0.1078125