0 0.26953125 0.23984375 0.5390625 0.4796875
0 0.83359375 0.16171875 0.1015625 0.3234375
0 0.9234375 0.15859375 0.075 0.3171875
0 0.93125 0.18203125 0.03828125 0.19765625
0 0.88359375 0.15546875 0.04453125 0.2671875
0 0.69296875 0.178125 0.03203125 0.175
0 0.79453125 0.17109375 0.03828125 0.209375
0 0.80703125 0.178125 0.0296875 0.16171875
0 0.57109375 0.1859375 0.028125 0.14296875
0 0.6640625 0.1875 0.02578125 0.1328125
0 0.42890625 0.73984375 0.1890625 0.5203125
0 0.3078125 0.72265625 0.103125 0.4859375
0 0.0140625 0.74921875 0.028125 0.4171875
0 0.25078125 0.7625 0.07265625 0.346875
0 0.02265625 0.78125 0.0453125 0.296875
0 0.04140625 0.80078125 0.046875 0.2265625
0 0.05234375 0.81875 0.04296875 0.20078125
0 0.22265625 0.79296875 0.06015625 0.25859375
0 0.20234375 0.80625 0.053125 0.215625
0 0.18984375 0.82578125 0.04453125 0.18671875
0 0.128125 0.84140625 0.01484375 0.171875