0 0.209375 0.23984375 0.41875 0.4796875
0 0.709375 0.23984375 0.58125 0.4796875
0 0.84453125 0.23984375 0.3109375 0.4796875
0 0.95546875 0.33984375 0.0890625 0.2796875
0 0.209375 0.73984375 0.41875 0.5203125
0 0.96328125 0.73984375 0.0734375 0.5203125
0 0.85390625 0.7328125 0.0765625 0.50625
0 0.778125 0.684375 0.0625 0.409375
0 0.7203125 0.65390625 0.05 0.3484375
0 0.66796875 0.6328125 0.0453125 0.30625
0 0.62265625 0.60703125 0.0421875 0.2546875
0 0.59609375 0.6 0.0359375 0.240625
0 0.55546875 0.575 0.0453125 0.190625
0 0.52265625 0.56015625 0.0171875 0.1609375