0 0.15 0.184375 0.3 0.36875
0 0.8375 0.184375 0.325 0.36875
0 0.27890625 0.9 0.0421875 0.2
0 0.2671875 0.95078125 0.065625 0.0984375
0 0.2421875 0.96796875 0.0625 0.0640625
0 0.228125 0.975 0.046875 0.05
0 0.2171875 0.9875 0.0375 0.025
0 0.20234375 0.9921875 0.0328125 0.015625
0 0.0375 0.9609375 0.075 0.078125
0 0.075 0.97578125 0.059375 0.0484375
0 0.09296875 0.98359375 0.0421875 0.0328125
0 0.096875 0.9875 0.0375 0.025
0 0.09921875 0.98984375 0.0359375 0.0203125
0 0.73671875 0.85390625 0.2359375 0.2921875