0 0.1796875 0.19453125 0.359375 0.3890625
0 0.6796875 0.04375 0.640625 0.0875
0 0.31796875 0.6796875 0.0828125 0.08125
0 0.27421875 0.68515625 0.1703125 0.0671875
0 0.23125 0.6890625 0.25625 0.059375
0 0.1359375 0.696875 0.2390625 0.040625
0 0.07265625 0.7 0.1453125 0.03125
0 0.0515625 0.703125 0.103125 0.028125
0 0.93203125 0.675 0.1359375 0.08125
0 0.88828125 0.68046875 0.2234375 0.0671875
0 0.8453125 0.684375 0.309375 0.059375
0 0.7234375 0.6921875 0.2390625 0.040625
0 0.625 0.69609375 0.2171875 0.03203125
0 0.60390625 0.6984375 0.17421875 0.028125